1333468858.729128
1333474757.383710
1333477108.622698
1333477109.060468
1333477141.585073
1333477153.558739
1333478058.323574
1333479160.769022
1333479290.767940
1333481554.580217
1333481911.928482
1333494311.880608
1333543713.306489
1333543982.102409
1333545670.381191
1333549590.900500
1333549683.292319
1333549879.526497
1333556218.433454
1333556279.879306
1333556325.209982
1333556325.240037
1333560942.681424
1333561687.642802
1333569752.752920
1333572861.544529
1333577509.624219
1333577893.106340
1333578177.120778
1333628286.686692
1333628406.575427
1333628690.129576
1333628798.635300